0165697                                                                                                                                                                                           15.719  27.79                                                    EA                                                                                                                                                                                  
0336688                                                                                                                                                                                           0.62    0.99                                                     CRD                                                                                                                                                                                 
0395919                                                                                                                                                                                           1.819   3.35                                                     EA                                                                                                                                                                                  
0490024                                                                                                                                                                                           19.493  28.29                                                    EA                                                                                                                                                                                  
0526665                                                                                                                                                                                           2.858   7.49                                                     BOX                                                                                                                                                                                 
0526673                                                                                                                                                                                           2.858   7.49                                                     BOX                                                                                                                                                                                 
0760552                                                                                                                                                                                           3.997   6.69                                                     CRD                                                                                                                                                                                 
1022113                                                                                                                                                                                           1.412   2.49                                                     EA                                                                                                                                                                                  
1022237                                                                                                                                                                                           5.177   10.79                                                    EA                                                                                                                                                                                  
1022458                                                                                                                                                                                           17.701  32.69                                                    EA                                                                                                                                                                                  
1024175                                                                                                                                                                                           1.151   1.99                                                     EA                                                                                                                                                                                  
1024256                                                                                                                                                                                           1.676   2.99                                                     EA                                                                                                                                                                                  
1024663                                                                                                                                                                                           9.21    15.39                                                    EA                                                                                                                                                                                  
1024761                                                                                                                                                                                           37.06   61.39                                                    EA                                                                                                                                                                                  
1035835                                                                                                                                                                                           0.581   0.99                                                     CRD                                                                                                                                                                                 
1037722                                                                                                                                                                                           6.494   11.29                                                    EA                                                                                                                                                                                  
1060007                                                                                                                                                                                           6.139   9.65                                                     COI                                                                                                                                                                                 
1060015                                                                                                                                                                                           10.104  16.99                                                    COI                                                                                                                                                                                 
1060023                                                                                                                                                                                           19.485  29.99                                                    COI                                                                                                                                                                                 
1060031                                                                                                                                                                                           8.389   14.59                                                    COI                                                                                                                                                                                 
1060058                                                                                                                                                                                           28.488  41.59                                                    COI                                                                                                                                                                                 
1060066                                                                                                                                                                                           8.426   14.79                                                    COI                                                                                                                                                                                 
1060074                                                                                                                                                                                           14.177  24.49                                                    COI                                                                                                                                                                                 
1060082                                                                                                                                                                                           27.456  44.19                                                    COI                                                                                                                                                                                 
1060104                                                                                                                                                                                           11.46   19.49                                                    COI                                                                                                                                                                                 
1060112                                                                                                                                                                                           19.776  34.49                                                    COI                                                                                                                                                                                 
1109880                                                                                                                                                                                           39.305  59.99                                                    CTN                                                                                                                                                                                 
1109944                                                                                                                                                                                           21.873  38.49                                                    CTN                                                                                                                                                                                 
1109995                                                                                                                                                                                           29.93   46.29                                                    CTN                                                                                                                                                                                 
1150561                                                                                                                                                                                           1.729   3.15                                                     EA                                                                                                                                                                                  
1381393                                                                                                                                                                                           0.825   1.75                                                     CRD                                                                                                                                                                                 
1510002                                                                                                                                                                                           1.449   2.75                                                     EA                                                                                                                                                                                  
1543369                                                                                                                                                                                           1.016   1.75                                                     EA                                                                                                                                                                                  
1601369                                                                                                                                                                                           0.568   0.99                                                     EA                                                                                                                                                                                  
1603051                                                                                                                                                                                           9.145   17.39                                                    EA                                                                                                                                                                                  
1650149                                                                                                                                                                                           2.958   4.25                                                     CRD                                                                                                                                                                                 
1848062                                                                                                                                                                                           23.14   49.89                                                    EA                                                                                                                                                                                  
3231232                                                                                                                                                                                           4.411   8.25                                                     EA                                                                                                                                                                                  
3241122                                                                                                                                                                                           8.079   14.29                                                    EA                                                                                                                                                                                  
3630200                                                                                                                                                                                           23.175  41.89                                                    EA                                                                                                                                                                                  
3630226                                                                                                                                                                                           23.095  41.69                                                    EA                                                                                                                                                                                  
3630293                                                                                                                                                                                           18.004  32.39                                                    EA                                                                                                                                                                                  
4450477                                                                                                                                                                                           6.452   16.79                                                    CRD                                                                                                                                                                                 
4450663                                                                                                                                                                                           2.481   4.49                                                     EA                                                                                                                                                                                  
5610001                                                                                                                                                                                           1.155   1.69                                                     EA                                                                                                                                                                                  
6130364                                                                                                                                                                                           1.135   1.99                                                     CRD                                                                                                                                                                                 
6130372                                                                                                                                                                                           0.488   0.89                                                     CRD                                                                                                                                                                                 
6131174                                                                                                                                                                                           8.195   13.99                                                    EA                                                                                                                                                                                  
6135021                                                                                                                                                                                           10.816  20.59                                                    EA                                                                                                                                                                                  
6469086                                                                                                                                                                                           26.827  55.49                                                    EA                                                                                                                                                                                  
6469167                                                                                                                                                                                           22.46   39.99                                                    EA                                                                                                                                                                                  
6469281                                                                                                                                                                                           8.724   14.49                                                    EA                                                                                                                                                                                  
6471005                                                                                                                                                                                           16.595  27.89                                                    EA                                                                                                                                                                                  
6471048                                                                                                                                                                                           16.595  29.99                                                    EA                                                                                                                                                                                  
6471072                                                                                                                                                                                           16.595  29.99                                                    EA                                                                                                                                                                                  
6471919                                                                                                                                                                                           11.93   21.59                                                    EA                                                                                                                                                                                  
6471935                                                                                                                                                                                           12.664  22.89                                                    EA                                                                                                                                                                                  
6471943                                                                                                                                                                                           12.664  22.89                                                    EA                                                                                                                                                                                  
6502041                                                                                                                                                                                           18.912  23.89                                                    EA                                                                                                                                                                                  
6502067                                                                                                                                                                                           29.987  42.39                                                    EA                                                                                                                                                                                  
6502148                                                                                                                                                                                           1.564   3.15                                                     PKG                                                                                                                                                                                 
6502156                                                                                                                                                                                           1.613   3.35                                                     PKG                                                                                                                                                                                 
6502164                                                                                                                                                                                           1.892   3.95                                                     PKG                                                                                                                                                                                 
6502172                                                                                                                                                                                           1.964   3.99                                                     PKG                                                                                                                                                                                 
6503331                                                                                                                                                                                           33.483  44.59                                                    COI                                                                                                                                                                                 
6503357                                                                                                                                                                                           51.913  68.99                                                    COI                                                                                                                                                                                 
6503381                                                                                                                                                                                           113.466 169.89                                                   COI                                                                                                                                                                                 
6505261                                                                                                                                                                                           10.798  19.69                                                    EA                                                                                                                                                                                  
6517501                                                                                                                                                                                           36.379  52.89                                                    EA                                                                                                                                                                                  
6520529                                                                                                                                                                                           1.161   1.99                                                     EA                                                                                                                                                                                  
6526641                                                                                                                                                                                           5.393   9.85                                                     PKG                                                                                                                                                                                 
6527116                                                                                                                                                                                           3.26    5.69                                                     SLV                                                                                                                                                                                 
6527302                                                                                                                                                                                           2.982   5.19                                                     EA                                                                                                                                                                                  
6527671                                                                                                                                                                                           1.373   2.39                                                     CRD                                                                                                                                                                                 
6527744                                                                                                                                                                                           4.501   5.69                                                     EA                                                                                                                                                                                  
6527752                                                                                                                                                                                           8.416   10.39                                                    EA                                                                                                                                                                                  
6527761                                                                                                                                                                                           13.885  17.39                                                    EA                                                                                                                                                                                  
6527809                                                                                                                                                                                           3.383   6.39                                                     EA                                                                                                                                                                                  
6527914                                                                                                                                                                                           1.637   2.85                                                     CRD                                                                                                                                                                                 
6527922                                                                                                                                                                                           1.373   2.39                                                     CRD                                                                                                                                                                                 
6528198                                                                                                                                                                                           2.957   5.45                                                     EA                                                                                                                                                                                  
6530087                                                                                                                                                                                           1.149   2.39                                                     EA                                                                                                                                                                                  
7040041                                                                                                                                                                                           16.64   27.49                                                    EA                                                                                                                                                                                  
7040067                                                                                                                                                                                           56.104  99.99                                                    EA                                                                                                                                                                                  
7040075                                                                                                                                                                                           33.005  59.69                                                    EA                                                                                                                                                                                  
7040083                                                                                                                                                                                           38.429  69.49                                                    EA                                                                                                                                                                                  
7040156                                                                                                                                                                                           20.243  33.69                                                    EA                                                                                                                                                                                  
7042329                                                                                                                                                                                           10.487  21.79                                                    EA                                                                                                                                                                                  
9150251                                                                                                                                                                                           141.151 236.59                                                   COI                                                                                                                                                                                 
9150412                                                                                                                                                                                           31.171  56.89                                                    COI                                                                                                                                                                                 
9160086                                                                                                                                                                                           11.002  19.99                                                    COI                                                                                                                                                                                 
9160108                                                                                                                                                                                           13.818  25.19                                                    COI                                                                                                                                                                                 
9160124                                                                                                                                                                                           20.17   36.79                                                    COI                                                                                                                                                                                 
9160132                                                                                                                                                                                           60.51   109.99                                                   COI                                                                                                                                                                                 
9160141                                                                                                                                                                                           35.941  65.59                                                    COI                                                                                                                                                                                 
9160167                                                                                                                                                                                           50.119  91.39                                                    COI                                                                                                                                                                                 
9160175                                                                                                                                                                                           125.297 228.69                                                   COI                                                                                                                                                                                 
9160477                                                                                                                                                                                           83.496  152.49                                                   COI                                                                                                                                                                                 
9932062                                                                                                                                                                                           7.277   8.99                                                     EA                                                                                                                                                                                  
9932071                                                                                                                                                                                           11.546  14.49                                                    EA                                                                                                                                                                                  
9932089                                                                                                                                                                                           5.093   6.39                                                     EA                                                                                                                                                                                  
9932143                                                                                                                                                                                           20.769  37.79                                                    COI                                                                                                                                                                                 
